19511
19591
19610
19627
19674
19732
19849
19876
20100
20132
20167
20190
20227
20394
20512
20568
20821
21394
21745
22237
22274
22292
22295
22583
22779
22818
22871
22887
22939
22956
22987
23034
23152
23174
23176
23319
23477
23747
24328
24458
24462
24586
24687
24759
25049
25358
25513
25830
25868
25944
26080
26433
26486
26507
26570
26817
26909
27156
27165
27173
27188
27209
27211
27213
27214
27246
27373
27475
27600
27644
27758
27877
27930
27932
27942
28266
28850
28911
29304
29305
